  -3.0000000e+01   6.2383102e+02   7.4514413e+01
  -2.7500000e+01   6.3007999e+02   7.8732703e+01
  -2.5000000e+01   7.9782294e+02   8.4597345e+01
  -2.2500000e+01   1.1586893e+03   1.1473310e+02
  -2.0000000e+01   1.6406499e+03   1.2228969e+02
  -1.7500000e+01   2.2218070e+03   1.7358552e+02
  -1.5000000e+01   3.4154410e+03   2.6592473e+02
  -1.2500000e+01   4.8879597e+03   3.6550754e+02
  -1.0000000e+01   8.9959318e+03   7.1933202e+02
  -7.5000000e+00   1.6781278e+04   1.2282047e+03
  -5.0000000e+00   2.7509048e+04   2.1248341e+03
  -2.5000000e+00   1.2957429e+03   1.5026837e+02
   0.0000000e+00   1.6516254e+02   5.6536722e+01
   2.5000000e+00   2.1354616e+02   5.9346938e+01
   5.0000000e+00   1.4861161e+02   5.2175594e+01
   7.5000000e+00   1.5664224e+02   5.7318708e+01
   1.0000000e+01   1.2429715e+02   6.0423878e+01
