  -2.0000000e+01   4.0241764e+02   4.2835956e+01
  -1.7500000e+01   5.4923226e+02   4.9044284e+01
  -1.5000000e+01   5.5252364e+02   4.5892356e+01
  -1.2500000e+01   7.1285308e+02   5.5954757e+01
  -1.0000000e+01   7.6169795e+02   5.8253302e+01
  -7.5000000e+00   9.2852408e+02   6.1974619e+01
  -5.0000000e+00   1.2870230e+03   7.5762537e+01
  -2.5000000e+00   1.9476258e+03   9.0806314e+01
   0.0000000e+00   2.5160731e+03   1.0931218e+02
   2.5000000e+00   4.1760349e+03   1.6415672e+02
   5.0000000e+00   2.7534018e+03   2.7553062e+02
   7.5000000e+00   4.7202489e+02   6.1406341e+01
   1.0000000e+01   1.4027079e+02   4.0578058e+01
   1.2500000e+01   4.5443208e+01   3.6462224e+01
   1.5000000e+01   3.1744629e+01   4.0612151e+01
   1.7500000e+01   1.0038498e+02   3.9207651e+01
   2.0000000e+01   7.7257748e+01   3.6253290e+01
