  -4.0000000e+01   5.4260321e+02   5.0627189e+01
  -3.7500000e+01   6.5601954e+02   3.8816445e+01
  -3.5000000e+01   8.4392997e+02   4.8793027e+01
  -3.2500000e+01   9.4042618e+02   6.3398160e+01
  -3.0000000e+01   1.2451092e+03   6.3461445e+01
  -2.7500000e+01   1.6522689e+03   6.6078242e+01
  -2.5000000e+01   2.0959911e+03   1.0309372e+02
  -2.2500000e+01   3.0613276e+03   1.1204696e+02
  -2.0000000e+01   4.0032910e+03   1.6439761e+02
  -1.7500000e+01   6.5769104e+03   1.6449220e+02
  -1.5000000e+01   9.3273401e+03   3.1256522e+02
  -1.2500000e+01   1.3993193e+04   6.6041644e+02
  -1.0000000e+01   2.4231151e+04   7.4779959e+02
  -7.5000000e+00   6.3095171e+03   8.4271359e+02
  -5.0000000e+00   3.7975977e+02   5.6595054e+01
  -2.5000000e+00   7.9330608e+01   3.6754503e+01
   0.0000000e+00   1.7471633e+01   3.9028420e+01
   2.5000000e+00   3.0163941e+01   3.2506703e+01
   5.0000000e+00  -1.0255639e+01   3.5662290e+01
